0.0000000000 0.5321399570 0.9460265636 0.5000000000 0.5000000000 0.0000000000 0.0000000000 1.0000000000 0.0000000000 0.0000000000 0.0000000000 0.0000000000 1.0000000000 0.0000000000 0.0000000000 0.0000000000 0.0000000000 1.0000000000 0.0000000000
0.0000000000 0.5321399570 0.9460265636 0.5000000000 0.5000000000 0.0000000000 0.0000000000 1.0000000000 0.0000000000 0.0000000000 0.0000000000 0.0000000000 1.0000000000 0.0000000000 0.0000000000 0.0000000000 0.0000000000 1.0000000000 -0.0900000036
0.0000000000 0.5321399570 0.9460265636 0.5000000000 0.5000000000 0.0000000000 0.0000000000 0.9999786019 -0.0000000000 -0.0065449378 0.0005890444 0.0000000000 1.0000000000 -0.0000000000 0.0000000000 0.0065449378 0.0000000000 0.9999786019 -0.1799980700
0.0000000000 0.5321399570 0.9460265636 0.5000000000 0.5000000000 0.0000000000 0.0000000000 0.9999143481 -0.0000000000 -0.0130895954 0.0017671080 0.0000000000 1.0000000000 -0.0000000000 0.0000000000 0.0130895954 0.0000000000 0.9999143481 -0.2699903548
0.0000000000 0.5321399570 0.9460265636 0.5000000000 0.5000000000 0.0000000000 0.0000000000 0.9998072386 -0.0000000000 -0.0196336918 0.0035341403 0.0000000000 1.0000000000 -0.0000000000 0.0000000000 0.0196336918 0.0000000000 0.9998072386 -0.3599730134
0.0000000000 0.5321399570 0.9460265636 0.5000000000 0.5000000000 0.0000000000 0.0000000000 0.9996573329 -0.0000000000 -0.0261769481 0.0058900658 0.0000000000 1.0000000000 -0.0000000000 0.0000000000 0.0261769481 0.0000000000 0.9996573329 -0.4499421716
0.0000000000 0.5321399570 0.9460265636 0.5000000000 0.5000000000 0.0000000000 0.0000000000 0.9994645715 -0.0000000000 -0.0327190831 0.0088347830 0.0000000000 1.0000000000 -0.0000000000 0.0000000000 0.0327190831 0.0000000000 0.9994645715 -0.5398939848
0.0000000000 0.5321399570 0.9460265636 0.5000000000 0.5000000000 0.0000000000 0.0000000000 0.9992290139 -0.0000000000 -0.0392598175 0.0123681668 0.0000000000 1.0000000000 -0.0000000000 0.0000000000 0.0392598175 0.0000000000 0.9992290139 -0.6298245788
0.0000000000 0.5321399570 0.9460265636 0.5000000000 0.5000000000 0.0000000000 0.0000000000 0.9989506602 -0.0000000000 -0.0457988679 0.0164900646 0.0000000000 1.0000000000 -0.0000000000 0.0000000000 0.0457988679 0.0000000000 0.9989506602 -0.7197301388
0.0000000000 0.5321399570 0.9460265636 0.5000000000 0.5000000000 0.0000000000 0.0000000000 0.9986295104 -0.0000000000 -0.0523359552 0.0212003011 0.0000000000 1.0000000000 -0.0000000000 0.0000000000 0.0523359552 0.0000000000 0.9986295104 -0.8096067905
0.0000000000 0.5321399570 0.9460265636 0.5000000000 0.5000000000 0.0000000000 0.0000000000 0.9982656240 -0.0000000000 -0.0588708036 0.0264986735 0.0000000000 1.0000000000 -0.0000000000 0.0000000000 0.0588708036 0.0000000000 0.9982656240 -0.8994507194
0.0000000000 0.5321399570 0.9460265636 0.5000000000 0.5000000000 0.0000000000 0.0000000000 0.9978589416 -0.0000000000 -0.0654031262 0.0323849544 0.0000000000 1.0000000000 -0.0000000000 0.0000000000 0.0654031262 0.0000000000 0.9978589416 -0.9892580509
0.0000000000 0.5321399570 0.9460265636 0.5000000000 0.5000000000 0.0000000000 0.0000000000 0.9974094629 -0.0000000000 -0.0719326511 0.0388588943 0.0000000000 1.0000000000 -0.0000000000 0.0000000000 0.0719326511 0.0000000000 0.9974094629 -1.0790249109
0.0000000000 0.5321399570 0.9460265636 0.5000000000 0.5000000000 0.0000000000 0.0000000000 0.9969173074 -0.0000000000 -0.0784590989 0.0459202118 0.0000000000 1.0000000000 -0.0000000000 0.0000000000 0.0784590989 0.0000000000 0.9969173074 -1.1687474251
0.0000000000 0.5321399570 0.9460265636 0.5000000000 0.5000000000 0.0000000000 0.0000000000 0.9963824749 -0.0000000000 -0.0849821791 0.0535686091 0.0000000000 1.0000000000 -0.0000000000 0.0000000000 0.0849821791 0.0000000000 0.9963824749 -1.2584218979
0.0000000000 0.5321399570 0.9460265636 0.5000000000 0.5000000000 0.0000000000 0.0000000000 0.9958049059 -0.0000000000 -0.0915016159 0.0618037544 0.0000000000 1.0000000000 -0.0000000000 0.0000000000 0.0915016159 0.0000000000 0.9958049059 -1.3480442762
0.0000000000 0.5321399570 0.9460265636 0.5000000000 0.5000000000 0.0000000000 0.0000000000 0.9951847196 -0.0000000000 -0.0980171412 0.0706252977 0.0000000000 1.0000000000 -0.0000000000 0.0000000000 0.0980171412 0.0000000000 0.9951847196 -1.4376109838
0.0000000000 0.5321399570 0.9460265636 0.5000000000 0.5000000000 0.0000000000 0.0000000000 0.9945219159 -0.0000000000 -0.1045284644 0.0800328553 0.0000000000 1.0000000000 -0.0000000000 0.0000000000 0.1045284644 0.0000000000 0.9945219159 -1.5271178484
0.0000000000 0.5321399570 0.9460265636 0.5000000000 0.5000000000 0.0000000000 0.0000000000 0.9938164353 -0.0000000000 -0.1110353097 0.0900260359 0.0000000000 1.0000000000 -0.0000000000 0.0000000000 0.1110353097 0.0000000000 0.9938164353 -1.6165614128
0.0000000000 0.5321399570 0.9460265636 0.5000000000 0.5000000000 0.0000000000 0.0000000000 0.9930684566 -0.0000000000 -0.1175373942 0.1006044000 0.0000000000 1.0000000000 -0.0000000000 0.0000000000 0.1175373942 0.0000000000 0.9930684566 -1.7059375048
0.0000000000 0.5321399570 0.9460265636 0.5000000000 0.5000000000 0.0000000000 0.0000000000 0.9922779202 -0.0000000000 -0.1240344495 0.1117675006 0.0000000000 1.0000000000 -0.0000000000 0.0000000000 0.1240344495 0.0000000000 0.9922779202 -1.7952425480
0.0000000000 0.5321399570 0.9460265636 0.5000000000 0.5000000000 0.0000000000 0.0000000000 0.9914448857 -0.0000000000 -0.1305261850 0.1235148609 0.0000000000 1.0000000000 -0.0000000000 0.0000000000 0.1305261850 0.0000000000 0.9914448857 -1.8844726086
0.0000000000 0.5321399570 0.9460265636 0.5000000000 0.5000000000 0.0000000000 0.0000000000 0.9905693531 -0.0000000000 -0.1370123476 0.1358459741 0.0000000000 1.0000000000 -0.0000000000 0.0000000000 0.1370123476 0.0000000000 0.9905693531 -1.9736238718
0.0000000000 0.5321399570 0.9460265636 0.5000000000 0.5000000000 0.0000000000 0.0000000000 0.9896513820 -0.0000000000 -0.1434926242 0.1487603039 0.0000000000 1.0000000000 -0.0000000000 0.0000000000 0.1434926242 0.0000000000 0.9896513820 -2.0626924038
0.0000000000 0.5321399570 0.9460265636 0.5000000000 0.5000000000 0.0000000000 0.0000000000 0.9886910319 -0.0000000000 -0.1499667615 0.1622573137 0.0000000000 1.0000000000 -0.0000000000 0.0000000000 0.1499667615 0.0000000000 0.9886910319 -2.1516747475
0.0000000000 0.5321399570 0.9460265636 0.5000000000 0.5000000000 0.0000000000 0.0000000000 0.9876883626 -0.0000000000 -0.1564344615 0.1763364226 0.0000000000 1.0000000000 -0.0000000000 0.0000000000 0.1564344615 0.0000000000 0.9876883626 -2.2405664921
0.0000000000 0.5321399570 0.9460265636 0.5000000000 0.5000000000 0.0000000000 0.0000000000 0.9866433144 -0.0000000000 -0.1628954709 0.1909970045 0.0000000000 1.0000000000 -0.0000000000 0.0000000000 0.1628954709 0.0000000000 0.9866433144 -2.3293645382
0.0000000000 0.5321399570 0.9460265636 0.5000000000 0.5000000000 0.0000000000 0.0000000000 0.9855560660 -0.0000000000 -0.1693495065 0.2062384635 0.0000000000 1.0000000000 -0.0000000000 0.0000000000 0.1693495065 0.0000000000 0.9855560660 -2.4180645943
0.0000000000 0.5321399570 0.9460265636 0.5000000000 0.5000000000 0.0000000000 0.0000000000 0.9844265580 -0.0000000000 -0.1757962853 0.2220601290 0.0000000000 1.0000000000 -0.0000000000 0.0000000000 0.1757962853 0.0000000000 0.9844265580 -2.5066628456
0.0000000000 0.5321399570 0.9460265636 0.5000000000 0.5000000000 0.0000000000 0.0000000000 0.9832549095 -0.0000000000 -0.1822355241 0.2384613305 0.0000000000 1.0000000000 -0.0000000000 0.0000000000 0.1822355241 0.0000000000 0.9832549095 -2.5951559544
0.0000000000 0.5321399570 0.9460265636 0.5000000000 0.5000000000 0.0000000000 0.0000000000 0.9820411205 -0.0000000000 -0.1886669695 0.2554413676 0.0000000000 1.0000000000 -0.0000000000 0.0000000000 0.1886669695 0.0000000000 0.9820411205 -2.6835396290
0.0000000000 0.5321399570 0.9460265636 0.5000000000 0.5000000000 0.0000000000 0.0000000000 0.9807852507 -0.0000000000 -0.1950903237 0.2729994953 0.0000000000 1.0000000000 -0.0000000000 0.0000000000 0.1950903237 0.0000000000 0.9807852507 -2.7718102932
0.0000000000 0.5321399570 0.9460265636 0.5000000000 0.5000000000 0.0000000000 0.0000000000 0.9794874191 -0.0000000000 -0.2015053183 0.2911349535 0.0000000000 1.0000000000 -0.0000000000 0.0000000000 0.2015053183 0.0000000000 0.9794874191 -2.8599641323
0.0000000000 0.5321399570 0.9460265636 0.5000000000 0.5000000000 0.0000000000 0.0000000000 0.9781476259 -0.0000000000 -0.2079116851 0.3098470271 0.0000000000 1.0000000000 -0.0000000000 0.0000000000 0.2079116851 0.0000000000 0.9781476259 -2.9479973316
0.0000000000 0.5321399570 0.9460265636 0.5000000000 0.5000000000 0.0000000000 0.0000000000 0.9767658710 -0.0000000000 -0.2143091559 0.3291348517 0.0000000000 1.0000000000 -0.0000000000 0.0000000000 0.2143091559 0.0000000000 0.9767658710 -3.0359063148
0.0000000000 0.5321399570 0.9460265636 0.5000000000 0.5000000000 0.0000000000 0.0000000000 0.9753423333 -0.0000000000 -0.2206974328 0.3489975929 0.0000000000 1.0000000000 -0.0000000000 0.0000000000 0.2206974328 0.0000000000 0.9753423333 -3.1236872673
0.0000000000 0.5321399570 0.9460265636 0.5000000000 0.5000000000 0.0000000000 0.0000000000 0.9738769531 -0.0000000000 -0.2270762622 0.3694344759 0.0000000000 1.0000000000 -0.0000000000 0.0000000000 0.2270762622 0.0000000000 0.9738769531 -3.2113361359
0.0000000000 0.5321399570 0.9460265636 0.5000000000 0.5000000000 0.0000000000 0.0000000000 0.9723699093 -0.0000000000 -0.2334453613 0.3904445469 0.0000000000 1.0000000000 -0.0000000000 0.0000000000 0.2334453613 0.0000000000 0.9723699093 -3.2988493443
0.0000000000 0.5321399570 0.9460265636 0.5000000000 0.5000000000 0.0000000000 0.0000000000 0.9708212018 -0.0000000000 -0.2398044616 0.4120269418 0.0000000000 1.0000000000 -0.0000000000 0.0000000000 0.2398044616 0.0000000000 0.9708212018 -3.3862233162
0.0000000000 0.5321399570 0.9460265636 0.5000000000 0.5000000000 0.0000000000 0.0000000000 0.9692308903 -0.0000000000 -0.2461532950 0.4341807365 0.0000000000 1.0000000000 -0.0000000000 0.0000000000 0.2461532950 0.0000000000 0.9692308903 -3.4734539986
0.0000000000 0.5321399570 0.9460265636 0.5000000000 0.5000000000 0.0000000000 0.0000000000 0.9675990939 -0.0000000000 -0.2524915636 0.4569050074 0.0000000000 1.0000000000 -0.0000000000 0.0000000000 0.2524915636 0.0000000000 0.9675990939 -3.5605380535
0.0000000000 0.5321399570 0.9460265636 0.5000000000 0.5000000000 0.0000000000 0.0000000000 0.9659258127 -0.0000000000 -0.2588190436 0.4801987112 0.0000000000 1.0000000000 -0.0000000000 0.0000000000 0.2588190436 0.0000000000 0.9659258127 -3.6474711895
0.0000000000 0.5321399570 0.9460265636 0.5000000000 0.5000000000 0.0000000000 0.0000000000 0.9642111659 -0.0000000000 -0.2651354373 0.5040609241 0.0000000000 1.0000000000 -0.0000000000 0.0000000000 0.2651354373 0.0000000000 0.9642111659 -3.7342503071
0.0000000000 0.5321399570 0.9460265636 0.5000000000 0.5000000000 0.0000000000 0.0000000000 0.9624552131 -0.0000000000 -0.2714404464 0.5284905434 0.0000000000 1.0000000000 -0.0000000000 0.0000000000 0.2714404464 0.0000000000 0.9624552131 -3.8208713531
0.0000000000 0.5321399570 0.9460265636 0.5000000000 0.5000000000 0.0000000000 0.0000000000 0.9606580734 -0.0000000000 -0.2777338326 0.5534865856 0.0000000000 1.0000000000 -0.0000000000 0.0000000000 0.2777338326 0.0000000000 0.9606580734 -3.9073305130
0.0000000000 0.5321399570 0.9460265636 0.5000000000 0.5000000000 0.0000000000 0.0000000000 0.9588197470 -0.0000000000 -0.2840153575 0.5790479779 0.0000000000 1.0000000000 -0.0000000000 0.0000000000 0.2840153575 0.0000000000 0.9588197470 -3.9936242104
0.0000000000 0.5321399570 0.9460265636 0.5000000000 0.5000000000 0.0000000000 0.0000000000 0.9569403529 -0.0000000000 -0.2902846634 0.6051735878 0.0000000000 1.0000000000 -0.0000000000 0.0000000000 0.2902846634 0.0000000000 0.9569403529 -4.0797491074
0.0000000000 0.5321399570 0.9460265636 0.5000000000 0.5000000000 0.0000000000 0.0000000000 0.9550199509 -0.0000000000 -0.2965415716 0.6318623424 0.0000000000 1.0000000000 -0.0000000000 0.0000000000 0.2965415716 0.0000000000 0.9550199509 -4.1657009125
0.0000000000 0.5321399570 0.9460265636 0.5000000000 0.5000000000 0.0000000000 0.0000000000 0.9530586600 -0.0000000000 -0.3027857840 0.6591130495 0.0000000000 1.0000000000 -0.0000000000 0.0000000000 0.3027857840 0.0000000000 0.9530586600 -4.2514758110
0.0000000000 0.5321399570 0.9460265636 0.5000000000 0.5000000000 0.0000000000 0.0000000000 0.9510565400 -0.0000000000 -0.3090170026 0.6869245768 0.0000000000 1.0000000000 -0.0000000000 0.0000000000 0.3090170026 0.0000000000 0.9510565400 -4.3370709419
0.0000000000 0.5321399570 0.9460265636 0.5000000000 0.5000000000 0.0000000000 0.0000000000 0.9490136504 -0.0000000000 -0.3152349889 0.7152957320 0.0000000000 1.0000000000 -0.0000000000 0.0000000000 0.3152349889 0.0000000000 0.9490136504 -4.4224824905
0.0000000000 0.5321399570 0.9460265636 0.5000000000 0.5000000000 0.0000000000 0.0000000000 0.9469301105 -0.0000000000 -0.3214394748 0.7442252636 0.0000000000 1.0000000000 -0.0000000000 0.0000000000 0.3214394748 0.0000000000 0.9469301105 -4.5077061653
0.0000000000 0.5321399570 0.9460265636 0.5000000000 0.5000000000 0.0000000000 0.0000000000 0.9448060393 -0.0000000000 -0.3276301920 0.7737119794 0.0000000000 1.0000000000 -0.0000000000 0.0000000000 0.3276301920 0.0000000000 0.9448060393 -4.5927386284
0.0000000000 0.5321399570 0.9460265636 0.5000000000 0.5000000000 0.0000000000 0.0000000000 0.9426414967 -0.0000000000 -0.3338068724 0.8037546277 0.0000000000 1.0000000000 -0.0000000000 0.0000000000 0.3338068724 0.0000000000 0.9426414967 -4.6775760651
0.0000000000 0.5321399570 0.9460265636 0.5000000000 0.5000000000 0.0000000000 0.0000000000 0.9404365420 -0.0000000000 -0.3399692476 0.8343518376 0.0000000000 1.0000000000 -0.0000000000 0.0000000000 0.3399692476 0.0000000000 0.9404365420 -4.7622156143
0.0000000000 0.5321399570 0.9460265636 0.5000000000 0.5000000000 0.0000000000 0.0000000000 0.9381913543 -0.0000000000 -0.3461170495 0.8655023575 0.0000000000 1.0000000000 -0.0000000000 0.0000000000 0.3461170495 0.0000000000 0.9381913543 -4.8466529846
0.0000000000 0.5321399570 0.9460265636 0.5000000000 0.5000000000 0.0000000000 0.0000000000 0.9359059334 -0.0000000000 -0.3522500396 0.8972048759 0.0000000000 1.0000000000 -0.0000000000 0.0000000000 0.3522500396 0.0000000000 0.9359059334 -4.9308843613
0.0000000000 0.5321399570 0.9460265636 0.5000000000 0.5000000000 0.0000000000 0.0000000000 0.9335803986 -0.0000000000 -0.3583679497 0.9294580221 0.0000000000 1.0000000000 -0.0000000000 0.0000000000 0.3583679497 0.0000000000 0.9335803986 -5.0149064064
0.0000000000 0.5321399570 0.9460265636 0.5000000000 0.5000000000 0.0000000000 0.0000000000 0.9312149286 -0.0000000000 -0.3644705117 0.9622603655 0.0000000000 1.0000000000 -0.0000000000 0.0000000000 0.3644705117 0.0000000000 0.9312149286 -5.0987157822
0.0000000000 0.5321399570 0.9460265636 0.5000000000 0.5000000000 0.0000000000 0.0000000000 0.9288095236 -0.0000000000 -0.3705574274 0.9956105351 0.0000000000 1.0000000000 -0.0000000000 0.0000000000 0.3705574274 0.0000000000 0.9288095236 -5.1823086739
0.0000000000 0.5321399570 0.9460265636 0.5000000000 0.5000000000 0.0000000000 0.0000000000 0.9263643622 -0.0000000000 -0.3766284883 1.0295070410 0.0000000000 1.0000000000 -0.0000000000 0.0000000000 0.3766284883 0.0000000000 0.9263643622 -5.2656817436
0.0000000000 0.5321399570 0.9460265636 0.5000000000 0.5000000000 0.0000000000 0.0000000000 0.9238795042 -0.0000000000 -0.3826834261 1.0639486313 0.0000000000 1.0000000000 -0.0000000000 0.0000000000 0.3826834261 0.0000000000 0.9238795042 -5.3488306999
0.0000000000 0.5321399570 0.9460265636 0.5000000000 0.5000000000 0.0000000000 0.0000000000 0.9213551283 -0.0000000000 -0.3887219727 1.0989335775 0.0000000000 1.0000000000 -0.0000000000 0.0000000000 0.3887219727 0.0000000000 0.9213551283 -5.4317526817
0.0000000000 0.5321399570 0.9460265636 0.5000000000 0.5000000000 0.0000000000 0.0000000000 0.9187912345 -0.0000000000 -0.3947438598 1.1344604492 0.0000000000 1.0000000000 -0.0000000000 0.0000000000 0.3947438598 0.0000000000 0.9187912345 -5.5144438744
0.0000000000 0.5321399570 0.9460265636 0.5000000000 0.5000000000 0.0000000000 0.0000000000 0.9161879420 -0.0000000000 -0.4007488191 1.1705279350 0.0000000000 1.0000000000 -0.0000000000 0.0000000000 0.4007488191 0.0000000000 0.9161879420 -5.5969009399
0.0000000000 0.5321399570 0.9460265636 0.5000000000 0.5000000000 0.0000000000 0.0000000000 0.9135454297 -0.0000000000 -0.4067366421 1.2071342468 0.0000000000 1.0000000000 -0.0000000000 0.0000000000 0.4067366421 0.0000000000 0.9135454297 -5.6791200638
0.0000000000 0.5321399570 0.9460265636 0.5000000000 0.5000000000 0.0000000000 0.0000000000 0.9108638167 -0.0000000000 -0.4127070308 1.2442778349 0.0000000000 1.0000000000 -0.0000000000 0.0000000000 0.4127070308 0.0000000000 0.9108638167 -5.7610974312
0.0000000000 0.5321399570 0.9460265636 0.5000000000 0.5000000000 0.0000000000 0.0000000000 0.9081431627 -0.0000000000 -0.4186597466 1.2819572687 0.0000000000 1.0000000000 -0.0000000000 0.0000000000 0.4186597466 0.0000000000 0.9081431627 -5.8428306580
0.0000000000 0.5321399570 0.9460265636 0.5000000000 0.5000000000 0.0000000000 0.0000000000 0.9053836465 -0.0000000000 -0.4245945215 1.3201707602 0.0000000000 1.0000000000 -0.0000000000 0.0000000000 0.4245945215 0.0000000000 0.9053836465 -5.9243149757
0.0000000000 0.5321399570 0.9460265636 0.5000000000 0.5000000000 0.0000000000 0.0000000000 0.9025852680 -0.0000000000 -0.4305110872 1.3589167595 0.0000000000 1.0000000000 -0.0000000000 0.0000000000 0.4305110872 0.0000000000 0.9025852680 -6.0055475235
0.0000000000 0.5321399570 0.9460265636 0.5000000000 0.5000000000 0.0000000000 0.0000000000 0.8997482657 -0.0000000000 -0.4364092350 1.3981935978 0.0000000000 1.0000000000 -0.0000000000 0.0000000000 0.4364092350 0.0000000000 0.8997482657 -6.0865249634
0.0000000000 0.5321399570 0.9460265636 0.5000000000 0.5000000000 0.0000000000 0.0000000000 0.8968727589 -0.0000000000 -0.4422886968 1.4379994869 0.0000000000 1.0000000000 -0.0000000000 0.0000000000 0.4422886968 0.0000000000 0.8968727589 -6.1672434807
0.0000000000 0.5321399570 0.9460265636 0.5000000000 0.5000000000 0.0000000000 0.0000000000 0.8939588070 -0.0000000000 -0.4481492043 1.4783329964 0.0000000000 1.0000000000 -0.0000000000 0.0000000000 0.4481492043 0.0000000000 0.8939588070 -6.2476997375
0.0000000000 0.5321399570 0.9460265636 0.5000000000 0.5000000000 0.0000000000 0.0000000000 0.8910065293 -0.0000000000 -0.4539904892 1.5191920996 0.0000000000 1.0000000000 -0.0000000000 0.0000000000 0.4539904892 0.0000000000 0.8910065293 -6.3278903961
0.0000000000 0.5321399570 0.9460265636 0.5000000000 0.5000000000 0.0000000000 0.0000000000 0.8880161047 -0.0000000000 -0.4598123729 1.5605752468 0.0000000000 1.0000000000 -0.0000000000 0.0000000000 0.4598123729 0.0000000000 0.8880161047 -6.4078121185
0.0000000000 0.5321399570 0.9460265636 0.5000000000 0.5000000000 0.0000000000 0.0000000000 0.8849876523 -0.0000000000 -0.4656145275 1.6024805307 0.0000000000 1.0000000000 -0.0000000000 0.0000000000 0.4656145275 0.0000000000 0.8849876523 -6.4874606133
0.0000000000 0.5321399570 0.9460265636 0.5000000000 0.5000000000 0.0000000000 0.0000000000 0.8819212914 -0.0000000000 -0.4713967443 1.6449062824 0.0000000000 1.0000000000 -0.0000000000 0.0000000000 0.4713967443 0.0000000000 0.8819212914 -6.5668339729
0.0000000000 0.5321399570 0.9460265636 0.5000000000 0.5000000000 0.0000000000 0.0000000000 0.8788171411 -0.0000000000 -0.4771587551 1.6878504753 0.0000000000 1.0000000000 -0.0000000000 0.0000000000 0.4771587551 0.0000000000 0.8788171411 -6.6459274292
0.0000000000 0.5321399570 0.9460265636 0.5000000000 0.5000000000 0.0000000000 0.0000000000 0.8756753206 -0.0000000000 -0.4829003513 1.7313115597 0.0000000000 1.0000000000 -0.0000000000 0.0000000000 0.4829003513 0.0000000000 0.8756753206 -6.7247381210
0.0000000000 0.5321399570 0.9460265636 0.5000000000 0.5000000000 0.0000000000 0.0000000000 0.8724960089 -0.0000000000 -0.4886212349 1.7752875090 0.0000000000 1.0000000000 -0.0000000000 0.0000000000 0.4886212349 0.0000000000 0.8724960089 -6.8032627106
0.0000000000 0.5321399570 0.9460265636 0.5000000000 0.5000000000 0.0000000000 0.0000000000 0.8692793250 -0.0000000000 -0.4943211973 1.8197764158 0.0000000000 1.0000000000 -0.0000000000 0.0000000000 0.4943211973 0.0000000000 0.8692793250 -6.8814978600
0.0000000000 0.5321399570 0.9460265636 0.5000000000 0.5000000000 0.0000000000 0.0000000000 0.8660253882 -0.0000000000 -0.5000000000 1.8647763729 0.0000000000 1.0000000000 -0.0000000000 0.0000000000 0.5000000000 0.0000000000 0.8660253882 -6.9594402313
0.0000000000 0.5321399570 0.9460265636 0.5000000000 0.5000000000 0.0000000000 0.0000000000 0.8660253882 -0.0000000000 -0.5000000000 1.9097763300 0.0000000000 1.0000000000 -0.0000000000 0.0000000000 0.5000000000 0.0000000000 0.8660253882 -7.0373826027
0.0000000000 0.5321399570 0.9460265636 0.5000000000 0.5000000000 0.0000000000 0.0000000000 0.8627343774 -0.0000000000 -0.5056573749 1.9552855492 0.0000000000 1.0000000000 -0.0000000000 0.0000000000 0.5056573749 0.0000000000 0.8627343774 -7.1150283813
0.0000000000 0.5321399570 0.9460265636 0.5000000000 0.5000000000 0.0000000000 0.0000000000 0.8594064116 -0.0000000000 -0.5112931132 2.0013020039 0.0000000000 1.0000000000 -0.0000000000 0.0000000000 0.5112931132 0.0000000000 0.8594064116 -7.1923751831
0.0000000000 0.5321399570 0.9460265636 0.5000000000 0.5000000000 0.0000000000 0.0000000000 0.8560416102 -0.0000000000 -0.5169069171 2.0478234291 0.0000000000 1.0000000000 -0.0000000000 0.0000000000 0.5169069171 0.0000000000 0.8560416102 -7.2694187164
0.0000000000 0.5321399570 0.9460265636 0.5000000000 0.5000000000 0.0000000000 0.0000000000 0.8526401520 -0.0000000000 -0.5224985480 2.0948483944 0.0000000000 1.0000000000 -0.0000000000 0.0000000000 0.5224985480 0.0000000000 0.8526401520 -7.3461565971
0.0000000000 0.5321399570 0.9460265636 0.5000000000 0.5000000000 0.0000000000 0.0000000000 0.8492021561 -0.0000000000 -0.5280678272 2.1423745155 0.0000000000 1.0000000000 -0.0000000000 0.0000000000 0.5280678272 0.0000000000 0.8492021561 -7.4225845337
0.0000000000 0.5321399570 0.9460265636 0.5000000000 0.5000000000 0.0000000000 0.0000000000 0.8457278013 -0.0000000000 -0.5336145163 2.1903998852 0.0000000000 1.0000000000 -0.0000000000 0.0000000000 0.5336145163 0.0000000000 0.8457278013 -7.4987001419
0.0000000000 0.5321399570 0.9460265636 0.5000000000 0.5000000000 0.0000000000 0.0000000000 0.8422172070 -0.0000000000 -0.5391383171 2.2389223576 0.0000000000 1.0000000000 -0.0000000000 0.0000000000 0.5391383171 0.0000000000 0.8422172070 -7.5744996071
0.0000000000 0.5321399570 0.9460265636 0.5000000000 0.5000000000 0.0000000000 0.0000000000 0.8386705518 -0.0000000000 -0.5446390510 2.2879397869 0.0000000000 1.0000000000 -0.0000000000 0.0000000000 0.5446390510 0.0000000000 0.8386705518 -7.6499800682
0.0000000000 0.5321399570 0.9460265636 0.5000000000 0.5000000000 0.0000000000 0.0000000000 0.8350879550 -0.0000000000 -0.5501164198 2.3374502659 0.0000000000 1.0000000000 -0.0000000000 0.0000000000 0.5501164198 0.0000000000 0.8350879550 -7.7251381874
0.0000000000 0.5321399570 0.9460265636 0.5000000000 0.5000000000 0.0000000000 0.0000000000 0.8314695954 -0.0000000000 -0.5555702448 2.3874516487 0.0000000000 1.0000000000 -0.0000000000 0.0000000000 0.5555702448 0.0000000000 0.8314695954 -7.7999701500
0.0000000000 0.5321399570 0.9460265636 0.5000000000 0.5000000000 0.0000000000 0.0000000000 0.8278156519 -0.0000000000 -0.5610002279 2.4379415512 0.0000000000 1.0000000000 -0.0000000000 0.0000000000 0.5610002279 0.0000000000 0.8278156519 -7.8744735718
0.0000000000 0.5321399570 0.9460265636 0.5000000000 0.5000000000 0.0000000000 0.0000000000 0.8241261840 -0.0000000000 -0.5664062500 2.4889180660 0.0000000000 1.0000000000 -0.0000000000 0.0000000000 0.5664062500 0.0000000000 0.8241261840 -7.9486451149
0.0000000000 0.5321399570 0.9460265636 0.5000000000 0.5000000000 0.0000000000 0.0000000000 0.8204014301 -0.0000000000 -0.5717879534 2.5403790474 0.0000000000 1.0000000000 -0.0000000000 0.0000000000 0.5717879534 0.0000000000 0.8204014301 -8.0224809647
0.0000000000 0.5321399570 0.9460265636 0.5000000000 0.5000000000 0.0000000000 0.0000000000 0.8166415691 -0.0000000000 -0.5771452188 2.5923221111 0.0000000000 1.0000000000 -0.0000000000 0.0000000000 0.5771452188 0.0000000000 0.8166415691 -8.0959787369
0.0000000000 0.5321399570 0.9460265636 0.5000000000 0.5000000000 0.0000000000 0.0000000000 0.8128466606 -0.0000000000 -0.5824776888 2.6447451115 0.0000000000 1.0000000000 -0.0000000000 0.0000000000 0.5824776888 0.0000000000 0.8128466606 -8.1691350937
0.0000000000 0.5321399570 0.9460265636 0.5000000000 0.5000000000 0.0000000000 0.0000000000 0.8090170026 -0.0000000000 -0.5877852440 2.6976459026 0.0000000000 1.0000000000 -0.0000000000 0.0000000000 0.5877852440 0.0000000000 0.8090170026 -8.2419471741
0.0000000000 0.5321399570 0.9460265636 0.5000000000 0.5000000000 0.0000000000 0.0000000000 0.8051526546 -0.0000000000 -0.5930676460 2.7510218620 0.0000000000 1.0000000000 -0.0000000000 0.0000000000 0.5930676460 0.0000000000 0.8051526546 -8.3144102097
0.0000000000 0.5321399570 0.9460265636 0.5000000000 0.5000000000 0.0000000000 0.0000000000 0.8012537956 -0.0000000000 -0.5983245969 2.8048710823 0.0000000000 1.0000000000 -0.0000000000 0.0000000000 0.5983245969 0.0000000000 0.8012537956 -8.3865232468
0.0000000000 0.5321399570 0.9460265636 0.5000000000 0.5000000000 0.0000000000 0.0000000000 0.7973206639 -0.0000000000 -0.6035559177 2.8591911793 0.0000000000 1.0000000000 -0.0000000000 0.0000000000 0.6035559177 0.0000000000 0.7973206639 -8.4582824707
0.0000000000 0.5321399570 0.9460265636 0.5000000000 0.5000000000 0.0000000000 0.0000000000 0.7933533192 -0.0000000000 -0.6087614298 2.9139797688 0.0000000000 1.0000000000 -0.0000000000 0.0000000000 0.6087614298 0.0000000000 0.7933533192 -8.5296840668
0.0000000000 0.5321399570 0.9460265636 0.5000000000 0.5000000000 0.0000000000 0.0000000000 0.7893520594 -0.0000000000 -0.6139408350 2.9692344666 0.0000000000 1.0000000000 -0.0000000000 0.0000000000 0.6139408350 0.0000000000 0.7893520594 -8.6007251740
0.0000000000 0.5321399570 0.9460265636 0.5000000000 0.5000000000 0.0000000000 0.0000000000 0.7853169441 -0.0000000000 -0.6190939546 3.0249528885 0.0000000000 1.0000000000 -0.0000000000 0.0000000000 0.6190939546 0.0000000000 0.7853169441 -8.6714038849
0.0000000000 0.5321399570 0.9460265636 0.5000000000 0.5000000000 0.0000000000 0.0000000000 0.7812481523 -0.0000000000 -0.6242205501 3.0811326504 0.0000000000 1.0000000000 -0.0000000000 0.0000000000 0.6242205501 0.0000000000 0.7812481523 -8.7417163849
0.0000000000 0.5321399570 0.9460265636 0.5000000000 0.5000000000 0.0000000000 0.0000000000 0.7771459818 -0.0000000000 -0.6293203831 3.1377716064 0.0000000000 1.0000000000 -0.0000000000 0.0000000000 0.6293203831 0.0000000000 0.7771459818 -8.8116598129
0.0000000000 0.5321399570 0.9460265636 0.5000000000 0.5000000000 0.0000000000 0.0000000000 0.7730104327 -0.0000000000 -0.6343932748 3.1948668957 0.0000000000 1.0000000000 -0.0000000000 0.0000000000 0.6343932748 0.0000000000 0.7730104327 -8.8812303543
0.0000000000 0.5321399570 0.9460265636 0.5000000000 0.5000000000 0.0000000000 0.0000000000 0.7688418031 -0.0000000000 -0.6394389868 3.2524163723 0.0000000000 1.0000000000 -0.0000000000 0.0000000000 0.6394389868 0.0000000000 0.7688418031 -8.9504261017
0.0000000000 0.5321399570 0.9460265636 0.5000000000 0.5000000000 0.0000000000 0.0000000000 0.7646402717 -0.0000000000 -0.6444573402 3.3104176521 0.0000000000 1.0000000000 -0.0000000000 0.0000000000 0.6444573402 0.0000000000 0.7646402717 -9.0192441940
0.0000000000 0.5321399570 0.9460265636 0.5000000000 0.5000000000 0.0000000000 0.0000000000 0.7604059577 -0.0000000000 -0.6494480371 3.3688678741 0.0000000000 1.0000000000 -0.0000000000 0.0000000000 0.6494480371 0.0000000000 0.7604059577 -9.0876808167
0.0000000000 0.5321399570 0.9460265636 0.5000000000 0.5000000000 0.0000000000 0.0000000000 0.7561390996 -0.0000000000 -0.6544109583 3.4277648926 0.0000000000 1.0000000000 -0.0000000000 0.0000000000 0.6544109583 0.0000000000 0.7561390996 -9.1557331085
0.0000000000 0.5321399570 0.9460265636 0.5000000000 0.5000000000 0.0000000000 0.0000000000 0.7518398166 -0.0000000000 -0.6593458056 3.4871060848 0.0000000000 1.0000000000 -0.0000000000 0.0000000000 0.6593458056 0.0000000000 0.7518398166 -9.2233982086
0.0000000000 0.5321399570 0.9460265636 0.5000000000 0.5000000000 0.0000000000 0.0000000000 0.7475083470 -0.0000000000 -0.6642524600 3.5468888283 0.0000000000 1.0000000000 -0.0000000000 0.0000000000 0.6642524600 0.0000000000 0.7475083470 -9.2906742096
0.0000000000 0.5321399570 0.9460265636 0.5000000000 0.5000000000 0.0000000000 0.0000000000 0.7431448102 -0.0000000000 -0.6691306233 3.6071105003 0.0000000000 1.0000000000 -0.0000000000 0.0000000000 0.6691306233 0.0000000000 0.7431448102 -9.3575572968
0.0000000000 0.5321399570 0.9460265636 0.5000000000 0.5000000000 0.0000000000 0.0000000000 0.7387495041 -0.0000000000 -0.6739801168 3.6677687168 0.0000000000 1.0000000000 -0.0000000000 0.0000000000 0.6739801168 0.0000000000 0.7387495041 -9.4240446091
0.0000000000 0.5321399570 0.9460265636 0.5000000000 0.5000000000 0.0000000000 0.0000000000 0.7343224883 -0.0000000000 -0.6788007617 3.7288608551 0.0000000000 1.0000000000 -0.0000000000 0.0000000000 0.6788007617 0.0000000000 0.7343224883 -9.4901342392
0.0000000000 0.5321399570 0.9460265636 0.5000000000 0.5000000000 0.0000000000 0.0000000000 0.7298640609 -0.0000000000 -0.6835923195 3.7903840542 0.0000000000 1.0000000000 -0.0000000000 0.0000000000 0.6835923195 0.0000000000 0.7298640609 -9.5558214188
0.0000000000 0.5321399570 0.9460265636 0.5000000000 0.5000000000 0.0000000000 0.0000000000 0.7253743410 -0.0000000000 -0.6883545518 3.8523359299 0.0000000000 1.0000000000 -0.0000000000 0.0000000000 0.6883545518 0.0000000000 0.7253743410 -9.6211051941
0.0000000000 0.5321399570 0.9460265636 0.5000000000 0.5000000000 0.0000000000 0.0000000000 0.7208535671 -0.0000000000 -0.6930873394 3.9147138596 0.0000000000 1.0000000000 -0.0000000000 0.0000000000 0.6930873394 0.0000000000 0.7208535671 -9.6859817505
0.0000000000 0.5321399570 0.9460265636 0.5000000000 0.5000000000 0.0000000000 0.0000000000 0.7163019180 -0.0000000000 -0.6977904439 3.9775149822 0.0000000000 1.0000000000 -0.0000000000 0.0000000000 0.6977904439 0.0000000000 0.7163019180 -9.7504491806
0.0000000000 0.5321399570 0.9460265636 0.5000000000 0.5000000000 0.0000000000 0.0000000000 0.7117196321 -0.0000000000 -0.7024636865 4.0407366753 0.0000000000 1.0000000000 -0.0000000000 0.0000000000 0.7024636865 0.0000000000 0.7117196321 -9.8145036697
0.0000000000 0.5321399570 0.9460265636 0.5000000000 0.5000000000 0.0000000000 0.0000000000 0.7071067691 -0.0000000000 -0.7071067691 4.1043763161 0.0000000000 1.0000000000 -0.0000000000 0.0000000000 0.7071067691 0.0000000000 0.7071067691 -9.8781433105
0.0000000000 0.5321399570 0.9460265636 0.5000000000 0.5000000000 0.0000000000 0.0000000000 0.7024636865 -0.0000000000 -0.7117196321 4.1684312820 0.0000000000 1.0000000000 -0.0000000000 0.0000000000 0.7117196321 0.0000000000 0.7024636865 -9.9413652420
0.0000000000 0.5321399570 0.9460265636 0.5000000000 0.5000000000 0.0000000000 0.0000000000 0.6977904439 -0.0000000000 -0.7163019180 4.2328982353 0.0000000000 1.0000000000 -0.0000000000 0.0000000000 0.7163019180 0.0000000000 0.6977904439 -10.0041666031
0.0000000000 0.5321399570 0.9460265636 0.5000000000 0.5000000000 0.0000000000 0.0000000000 0.6930873394 -0.0000000000 -0.7208536267 4.2977752686 0.0000000000 1.0000000000 -0.0000000000 0.0000000000 0.7208536267 0.0000000000 0.6930873394 -10.0665445328
0.0000000000 0.5321399570 0.9460265636 0.5000000000 0.5000000000 0.0000000000 0.0000000000 0.6883545518 -0.0000000000 -0.7253744006 4.3630585670 0.0000000000 1.0000000000 -0.0000000000 0.0000000000 0.7253744006 0.0000000000 0.6883545518 -10.1284961700
0.0000000000 0.5321399570 0.9460265636 0.5000000000 0.5000000000 0.0000000000 0.0000000000 0.6835923195 -0.0000000000 -0.7298640609 4.4287467003 0.0000000000 1.0000000000 -0.0000000000 0.0000000000 0.7298640609 0.0000000000 0.6835923195 -10.1900196075
0.0000000000 0.5321399570 0.9460265636 0.5000000000 0.5000000000 0.0000000000 0.0000000000 0.6788007617 -0.0000000000 -0.7343224883 4.4948353767 0.0000000000 1.0000000000 -0.0000000000 0.0000000000 0.7343224883 0.0000000000 0.6788007617 -10.2511119843
0.0000000000 0.5321399570 0.9460265636 0.5000000000 0.5000000000 0.0000000000 0.0000000000 0.6739801168 -0.0000000000 -0.7387495041 4.5613231659 0.0000000000 1.0000000000 -0.0000000000 0.0000000000 0.7387495041 0.0000000000 0.6739801168 -10.3117694855
0.0000000000 0.5321399570 0.9460265636 0.5000000000 0.5000000000 0.0000000000 0.0000000000 0.6691306233 -0.0000000000 -0.7431448102 4.6282062531 0.0000000000 1.0000000000 -0.0000000000 0.0000000000 0.7431448102 0.0000000000 0.6691306233 -10.3719921112
0.0000000000 0.5321399570 0.9460265636 0.5000000000 0.5000000000 0.0000000000 0.0000000000 0.6642524600 -0.0000000000 -0.7475083470 4.6954817772 0.0000000000 1.0000000000 -0.0000000000 0.0000000000 0.7475083470 0.0000000000 0.6642524600 -10.4317741394
0.0000000000 0.5321399570 0.9460265636 0.5000000000 0.5000000000 0.0000000000 0.0000000000 0.6593458056 -0.0000000000 -0.7518398166 4.7631473541 0.0000000000 1.0000000000 -0.0000000000 0.0000000000 0.7518398166 0.0000000000 0.6593458056 -10.4911155701
0.0000000000 0.5321399570 0.9460265636 0.5000000000 0.5000000000 0.0000000000 0.0000000000 0.6544109583 -0.0000000000 -0.7561390996 4.8312001228 0.0000000000 1.0000000000 -0.0000000000 0.0000000000 0.7561390996 0.0000000000 0.6544109583 -10.5500125885
0.0000000000 0.5321399570 0.9460265636 0.5000000000 0.5000000000 0.0000000000 0.0000000000 0.6494480371 -0.0000000000 -0.7604059577 4.8996362686 0.0000000000 1.0000000000 -0.0000000000 0.0000000000 0.7604059577 0.0000000000 0.6494480371 -10.6084632874
0.0000000000 0.5321399570 0.9460265636 0.5000000000 0.5000000000 0.0000000000 0.0000000000 0.6444573402 -0.0000000000 -0.7646402717 4.9684538841 0.0000000000 1.0000000000 -0.0000000000 0.0000000000 0.7646402717 0.0000000000 0.6444573402 -10.6664638519
0.0000000000 0.5321399570 0.9460265636 0.5000000000 0.5000000000 0.0000000000 0.0000000000 0.6394389868 -0.0000000000 -0.7688418627 5.0376496315 0.0000000000 1.0000000000 -0.0000000000 0.0000000000 0.7688418627 0.0000000000 0.6394389868 -10.7240133286
0.0000000000 0.5321399570 0.9460265636 0.5000000000 0.5000000000 0.0000000000 0.0000000000 0.6343932748 -0.0000000000 -0.7730104327 5.1072206497 0.0000000000 1.0000000000 -0.0000000000 0.0000000000 0.7730104327 0.0000000000 0.6343932748 -10.7811088562
0.0000000000 0.5321399570 0.9460265636 0.5000000000 0.5000000000 0.0000000000 0.0000000000 0.6293203831 -0.0000000000 -0.7771459818 5.1771640778 0.0000000000 1.0000000000 -0.0000000000 0.0000000000 0.7771459818 0.0000000000 0.6293203831 -10.8377475739
0.0000000000 0.5321399570 0.9460265636 0.5000000000 0.5000000000 0.0000000000 0.0000000000 0.6242205501 -0.0000000000 -0.7812481523 5.2474761009 0.0000000000 1.0000000000 -0.0000000000 0.0000000000 0.7812481523 0.0000000000 0.6242205501 -10.8939275742
0.0000000000 0.5321399570 0.9460265636 0.5000000000 0.5000000000 0.0000000000 0.0000000000 0.6190939546 -0.0000000000 -0.7853169441 5.3181548119 0.0000000000 1.0000000000 -0.0000000000 0.0000000000 0.7853169441 0.0000000000 0.6190939546 -10.9496459961
0.0000000000 0.5321399570 0.9460265636 0.5000000000 0.5000000000 0.0000000000 0.0000000000 0.6139408350 -0.0000000000 -0.7893520594 5.3891963959 0.0000000000 1.0000000000 -0.0000000000 0.0000000000 0.7893520594 0.0000000000 0.6139408350 -11.0049009323
0.0000000000 0.5321399570 0.9460265636 0.5000000000 0.5000000000 0.0000000000 0.0000000000 0.6087614298 -0.0000000000 -0.7933533192 5.4605984688 0.0000000000 1.0000000000 -0.0000000000 0.0000000000 0.7933533192 0.0000000000 0.6087614298 -11.0596895218
0.0000000000 0.5321399570 0.9460265636 0.5000000000 0.5000000000 0.0000000000 0.0000000000 0.6035559177 -0.0000000000 -0.7973206639 5.5323572159 0.0000000000 1.0000000000 -0.0000000000 0.0000000000 0.7973206639 0.0000000000 0.6035559177 -11.1140089035
0.0000000000 0.5321399570 0.9460265636 0.5000000000 0.5000000000 0.0000000000 0.0000000000 0.5983245969 -0.0000000000 -0.8012537956 5.6044697762 0.0000000000 1.0000000000 -0.0000000000 0.0000000000 0.8012537956 0.0000000000 0.5983245969 -11.1678581238
0.0000000000 0.5321399570 0.9460265636 0.5000000000 0.5000000000 0.0000000000 0.0000000000 0.5930676460 -0.0000000000 -0.8051526546 5.6769337654 0.0000000000 1.0000000000 -0.0000000000 0.0000000000 0.8051526546 0.0000000000 0.5930676460 -11.2212343216
0.0000000000 0.5321399570 0.9460265636 0.5000000000 0.5000000000 0.0000000000 0.0000000000 0.5877852440 -0.0000000000 -0.8090170026 5.7497453690 0.0000000000 1.0000000000 -0.0000000000 0.0000000000 0.8090170026 0.0000000000 0.5877852440 -11.2741355896
0.0000000000 0.5321399570 0.9460265636 0.5000000000 0.5000000000 0.0000000000 0.0000000000 0.5824776888 -0.0000000000 -0.8128466606 5.8229012489 0.0000000000 1.0000000000 -0.0000000000 0.0000000000 0.8128466606 0.0000000000 0.5824776888 -11.3265581131
0.0000000000 0.5321399570 0.9460265636 0.5000000000 0.5000000000 0.0000000000 0.0000000000 0.5771452188 -0.0000000000 -0.8166415691 5.8963990211 0.0000000000 1.0000000000 -0.0000000000 0.0000000000 0.8166415691 0.0000000000 0.5771452188 -11.3785009384
0.0000000000 0.5321399570 0.9460265636 0.5000000000 0.5000000000 0.0000000000 0.0000000000 0.5717879534 -0.0000000000 -0.8204014301 5.9702353477 0.0000000000 1.0000000000 -0.0000000000 0.0000000000 0.8204014301 0.0000000000 0.5717879534 -11.4299621582
0.0000000000 0.5321399570 0.9460265636 0.5000000000 0.5000000000 0.0000000000 0.0000000000 0.5664062500 -0.0000000000 -0.8241261840 6.0444064140 0.0000000000 1.0000000000 -0.0000000000 0.0000000000 0.8241261840 0.0000000000 0.5664062500 -11.4809389114
0.0000000000 0.5321399570 0.9460265636 0.5000000000 0.5000000000 0.0000000000 0.0000000000 0.5610002279 -0.0000000000 -0.8278156519 6.1189098358 0.0000000000 1.0000000000 -0.0000000000 0.0000000000 0.8278156519 0.0000000000 0.5610002279 -11.5314283371
0.0000000000 0.5321399570 0.9460265636 0.5000000000 0.5000000000 0.0000000000 0.0000000000 0.5555702448 -0.0000000000 -0.8314695954 6.1937422752 0.0000000000 1.0000000000 -0.0000000000 0.0000000000 0.8314695954 0.0000000000 0.5555702448 -11.5814304352
0.0000000000 0.5321399570 0.9460265636 0.5000000000 0.5000000000 0.0000000000 0.0000000000 0.5501164198 -0.0000000000 -0.8350879550 6.2689003944 0.0000000000 1.0000000000 -0.0000000000 0.0000000000 0.8350879550 0.0000000000 0.5501164198 -11.6309404373
0.0000000000 0.5321399570 0.9460265636 0.5000000000 0.5000000000 0.0000000000 0.0000000000 0.5446390510 -0.0000000000 -0.8386705518 6.3443803787 0.0000000000 1.0000000000 -0.0000000000 0.0000000000 0.8386705518 0.0000000000 0.5446390510 -11.6799583435
0.0000000000 0.5321399570 0.9460265636 0.5000000000 0.5000000000 0.0000000000 0.0000000000 0.5391383171 -0.0000000000 -0.8422172070 6.4201803207 0.0000000000 1.0000000000 -0.0000000000 0.0000000000 0.8422172070 0.0000000000 0.5391383171 -11.7284803391
0.0000000000 0.5321399570 0.9460265636 0.5000000000 0.5000000000 0.0000000000 0.0000000000 0.5336145163 -0.0000000000 -0.8457278013 6.4962954521 0.0000000000 1.0000000000 -0.0000000000 0.0000000000 0.8457278013 0.0000000000 0.5336145163 -11.7765054703
0.0000000000 0.5321399570 0.9460265636 0.5000000000 0.5000000000 0.0000000000 0.0000000000 0.5280678272 -0.0000000000 -0.8492021561 6.5727238655 0.0000000000 1.0000000000 -0.0000000000 0.0000000000 0.8492021561 0.0000000000 0.5280678272 -11.8240318298
0.0000000000 0.5321399570 0.9460265636 0.5000000000 0.5000000000 0.0000000000 0.0000000000 0.5224985480 -0.0000000000 -0.8526401520 6.6494612694 0.0000000000 1.0000000000 -0.0000000000 0.0000000000 0.8526401520 0.0000000000 0.5224985480 -11.8710565567
